       0.086246
       0.089046
       0.092054
       0.095293
       0.098793
       0.102585
       0.106708
       0.111206
       0.116133
       0.121553
       0.127545
       0.134203
       0.141646
       0.150020
       0.159511
       0.170359
       0.182876
       0.197480
       0.214741
       0.235453
       0.260768
       0.292409
       0.333090
       0.387324
       0.463236
       0.577074
       0.766723
       1.145641
       2.279689
     607.664832
       2.282155
       1.135223
       0.753880
       0.563396
       0.449170
       0.373041
       0.318679
       0.277916
       0.246216
       0.220860
       0.200116
       0.182833
       0.168210
       0.155678
       0.144818
       0.135316
       0.126934
       0.119484
       0.112818
       0.106820
       0.101394
       0.096462
