     38.0000
     34.3462
     34.4923
     34.6385
     34.7846
     34.9308
     35.0769
     35.2231
     35.3692
     35.5154
     35.6615
     35.8077
     35.9538
     36.1000
     36.2462
     36.3923
     36.5385
     36.6846
     36.8308
     36.9769
     37.1231
     37.2692
     37.4154
     37.5615
     37.7077
     37.8538
     38.0000
     38.1462
     38.2923
     38.4385
     38.5846
     38.7308
     38.8769
     39.0231
     39.1692
     39.3154
     39.4615
     39.6077
     39.7538
     39.9000
     40.0462
     40.1923
     40.3385
     40.4846
     40.6308
     40.7769
     40.9231
     41.0692
     41.2154
     41.3615
     41.5077
     41.6538
     41.8000
